0.e+00 0.e+00
1.0101010101010102e-02 8.597554618885661e-02
2.0202020202020204e-02 1.6272047582754678e-01
3.0303030303030304e-02 2.31121630533619e-01
4.040404040404041e-02 2.919806476427258e-01
5.050505050505051e-02 3.4602214630353556e-01
6.060606060606061e-02 3.939011270845907e-01
7.070707070707072e-02 4.3620966065581335e-01
8.080808080808081e-02 4.7348293384759454e-01
9.090909090909091e-02 5.062047148281181e-01
1.0101010101010102e-01 5.348122932077752e-01
1.1111111111111112e-01 5.597009455176236e-01
1.2121212121212122e-01 5.812279716621028e-01
1.3131313131313133e-01 5.997163435651236e-01
1.4141414141414144e-01 6.154580032684794e-01
1.5151515151515152e-01 6.287168441618316e-01
1.6161616161616163e-01 6.397314057877536e-01
1.7171717171717174e-01 6.487173097404193e-01
1.8181818181818182e-01 6.558694615326541e-01
1.9191919191919193e-01 6.613640409161898e-01
2.0202020202020204e-01 6.653603009797172e-01
2.1212121212121213e-01 6.680021943966183e-01
2.2222222222222224e-01 6.694198434291625e-01
2.3232323232323235e-01 6.697308687004354e-01
2.4242424242424243e-01 6.690415903030476e-01
2.5252525252525254e-01 6.674481135100035e-01
2.6262626262626265e-01 6.650373101747087e-01
2.7272727272727276e-01 6.618877058418932e-01
2.828282828282829e-01 6.580702816283791e-01
2.9292929292929293e-01 6.536491990622735e-01
3.0303030303030304e-01 6.486824552824403e-01
3.1313131313131315e-01 6.432224752889633e-01
3.2323232323232326e-01 6.37316647292496e-01
3.3333333333333337e-01 6.310078066293351e-01
3.434343434343435e-01 6.243346731838222e-01
3.535353535353536e-01 6.173322467849076e-01
3.6363636363636365e-01 6.100321646145558e-01
3.7373737373737376e-01 6.024630242777458e-01
3.8383838383838387e-01 5.946506758331664e-01
3.93939393939394e-01 5.866184857667425e-01
4.040404040404041e-01 5.783875756036136e-01
4.141414141414142e-01 5.69977037595207e-01
4.2424242424242425e-01 5.614041296839359e-01
4.3434343434343436e-01 5.526844517364522e-01
4.444444444444445e-01 5.438321048450953e-01
4.545454545454546e-01 5.34859835324279e-01
4.646464646464647e-01 5.257791648722683e-01
4.747474747474748e-01 5.166005082275199e-01
4.8484848484848486e-01 5.073332795210611e-01
4.94949494949495e-01 4.9798598841094655e-01
5.050505050505051e-01 4.885663269804924e-01
5.151515151515152e-01 4.790812482876665e-01
5.252525252525253e-01 4.695370373677601e-01
5.353535353535354e-01 4.599393754143998e-01
5.454545454545455e-01 4.502933977942978e-01
5.555555555555556e-01 4.406037464881729e-01
5.656565656565657e-01 4.3087461749335054e-01
5.757575757575758e-01 4.2110980367210715e-01
5.858585858585859e-01 4.1131273348331254e-01
5.95959595959596e-01 4.0148650599288715e-01
6.060606060606061e-01 3.9163392252059126e-01
6.161616161616162e-01 3.817575152463142e-01
6.262626262626263e-01 3.718595730679827e-01
6.363636363636365e-01 3.6194216497514264e-01
6.464646464646465e-01 3.520071611768988e-01
6.565656565656566e-01 3.420562521999623e-01
6.666666666666667e-01 3.320909661518351e-01
6.767676767676768e-01 3.2211268432541407e-01
6.86868686868687e-01 3.121226553043639e-01
6.96969696969697e-01 3.021220077133038e-01
7.070707070707072e-01 2.9211176174300346e-01
7.171717171717172e-01 2.8209283956828446e-01
7.272727272727273e-01 2.7206607476501043e-01
7.373737373737375e-01 2.620322208223286e-01
7.474747474747475e-01 2.5199195883708936e-01
7.575757575757577e-01 2.4194590446901532e-01
7.676767676767677e-01 2.3189461422764612e-01
7.777777777777778e-01 2.2183859115525573e-01
7.87878787878788e-01 2.117782899637798e-01
7.97979797979798e-01 2.0171412167820557e-01
8.080808080808082e-01 1.916464578338435e-01
8.181818181818182e-01 1.815756342703413e-01
8.282828282828284e-01 1.7150195456118356e-01
8.383838383838385e-01 1.614256931136996e-01
8.484848484848485e-01 1.5134709797123314e-01
8.585858585858587e-01 1.4126639334609092e-01
8.686868686868687e-01 1.3118378190913704e-01
8.787878787878789e-01 1.2109944685940921e-01
8.88888888888889e-01 1.1101355379489664e-01
8.989898989898991e-01 1.0092625240358011e-01
9.090909090909092e-01 9.083767799200348e-02
9.191919191919192e-01 8.074795286698533e-02
9.292929292929294e-01 7.065718758458261e-02
9.393939393939394e-01 6.056548207905821e-02
9.494949494949496e-01 5.0472926683380215e-02
9.595959595959597e-01 4.0379603051678425e-02
9.696969696969697e-01 3.028558499307188e-02
9.797979797979799e-01 2.0190939225387727e-02
9.8989898989899e-01 1.0095726056464915e-02
1.e+00 0.e+00
